0 0.911667 0.881667 0.906667 0.886667 0.906667 0.888333 0.903333 0.891667 0.903333 0.893333 0.901667 0.895000 0.901667 0.896667 0.900000 0.898333 0.900000 0.900000 0.898333 0.901667 0.898333 0.903333 0.896667 0.905000 0.896667 0.906667 0.893333 0.910000 0.893333 0.911667 0.891667 0.913333 0.891667 0.923333 0.890000 0.925000 0.890000 0.940000 0.893333 0.943333 0.895000 0.943333 0.898333 0.940000 0.900000 0.940000 0.900000 0.935000 0.901667 0.933333 0.901667 0.921667 0.900000 0.921667 0.896667 0.918333 0.900000 0.915000 0.900000 0.913333 0.901667 0.911667 0.901667 0.908333 0.905000 0.905000 0.905000 0.903333 0.906667 0.901667 0.906667 0.898333 0.908333 0.896667 0.908333 0.893333 0.910000 0.891667 0.910000 0.890000 0.911667 0.888333 0.911667 0.885000 0.913333 0.883333
0 0.536667 0.880000 0.533333 0.883333 0.530000 0.883333 0.526667 0.886667 0.521667 0.886667 0.520000 0.888333 0.516667 0.888333 0.515000 0.890000 0.510000 0.890000 0.508333 0.891667 0.501667 0.891667 0.500000 0.893333 0.496667 0.893333 0.495000 0.895000 0.491667 0.895000 0.488333 0.898333 0.488333 0.900000 0.500000 0.900000 0.501667 0.898333 0.505000 0.898333 0.506667 0.896667 0.515000 0.896667 0.518333 0.893333 0.520000 0.893333 0.521667 0.891667 0.523333 0.891667 0.525000 0.893333 0.526667 0.893333 0.528333 0.891667 0.533333 0.891667 0.535000 0.893333 0.536667 0.893333 0.538333 0.891667 0.545000 0.891667 0.546667 0.890000 0.546667 0.888333 0.548333 0.886667 0.546667 0.885000 0.541667 0.885000 0.540000 0.886667 0.536667 0.886667 0.535000 0.885000 0.536667 0.883333
0 0.406667 0.895000 0.406667 0.896667 0.408333 0.898333 0.410000 0.898333 0.411667 0.900000 0.411667 0.901667 0.413333 0.903333 0.413333 0.906667 0.411667 0.908333 0.411667 0.910000 0.413333 0.911667 0.413333 0.920000 0.411667 0.921667 0.411667 0.923333 0.413333 0.925000 0.413333 0.933333 0.415000 0.935000 0.415000 0.936667 0.416667 0.938333 0.418333 0.936667 0.418333 0.915000 0.420000 0.913333 0.418333 0.911667 0.418333 0.905000 0.421667 0.901667 0.420000 0.900000 0.418333 0.901667 0.416667 0.901667 0.415000 0.900000 0.415000 0.898333 0.413333 0.896667 0.410000 0.896667 0.408333 0.895000
0 0.276667 0.861667 0.275000 0.863333 0.275000 0.880000 0.270000 0.885000 0.268333 0.885000 0.268333 0.886667 0.266667 0.888333 0.265000 0.888333 0.263333 0.890000 0.261667 0.890000 0.260000 0.891667 0.258333 0.891667 0.255000 0.895000 0.253333 0.895000 0.251667 0.896667 0.250000 0.896667 0.248333 0.898333 0.246667 0.898333 0.246667 0.900000 0.243333 0.903333 0.250000 0.903333 0.251667 0.901667 0.253333 0.901667 0.255000 0.900000 0.256667 0.900000 0.258333 0.898333 0.260000 0.898333 0.261667 0.896667 0.263333 0.896667 0.265000 0.895000 0.266667 0.895000 0.268333 0.893333 0.270000 0.893333 0.278333 0.885000 0.278333 0.883333 0.280000 0.881667 0.283333 0.881667 0.283333 0.876667 0.285000 0.875000 0.285000 0.870000 0.283333 0.868333 0.283333 0.861667
0 0.191667 0.856667 0.191667 0.858333 0.190000 0.860000 0.191667 0.861667 0.191667 0.863333 0.193333 0.865000 0.193333 0.866667 0.195000 0.868333 0.195000 0.870000 0.198333 0.873333 0.203333 0.873333 0.205000 0.875000 0.206667 0.875000 0.208333 0.876667 0.210000 0.876667 0.210000 0.871667 0.208333 0.870000 0.203333 0.870000 0.201667 0.868333 0.203333 0.866667 0.203333 0.863333 0.201667 0.861667 0.201667 0.860000 0.200000 0.858333 0.196667 0.858333 0.195000 0.856667
0 0.086667 0.826667 0.083333 0.830000 0.083333 0.831667 0.080000 0.835000 0.080000 0.838333 0.075000 0.843333 0.071667 0.843333 0.070000 0.841667 0.068333 0.843333 0.066667 0.843333 0.063333 0.846667 0.061667 0.846667 0.063333 0.848333 0.065000 0.848333 0.066667 0.850000 0.071667 0.850000 0.073333 0.848333 0.080000 0.848333 0.081667 0.846667 0.083333 0.846667 0.083333 0.845000 0.085000 0.843333 0.085000 0.841667 0.086667 0.840000 0.086667 0.836667 0.088333 0.835000 0.088333 0.831667 0.086667 0.830000
0 0.205000 0.391667 0.203333 0.393333 0.203333 0.395000 0.201667 0.396667 0.203333 0.398333 0.203333 0.400000 0.200000 0.403333 0.200000 0.406667 0.196667 0.410000 0.196667 0.413333 0.198333 0.415000 0.196667 0.416667 0.195000 0.416667 0.190000 0.421667 0.190000 0.423333 0.186667 0.426667 0.186667 0.428333 0.183333 0.431667 0.183333 0.433333 0.181667 0.435000 0.181667 0.436667 0.180000 0.438333 0.180000 0.440000 0.178333 0.441667 0.178333 0.443333 0.180000 0.445000 0.181667 0.445000 0.181667 0.443333 0.183333 0.441667 0.185000 0.441667 0.186667 0.440000 0.186667 0.438333 0.188333 0.436667 0.188333 0.435000 0.190000 0.433333 0.191667 0.433333 0.191667 0.431667 0.193333 0.430000 0.193333 0.426667 0.195000 0.425000 0.195000 0.423333 0.198333 0.420000 0.200000 0.420000 0.205000 0.415000 0.205000 0.413333 0.208333 0.410000 0.208333 0.403333 0.211667 0.400000 0.210000 0.398333 0.208333 0.398333 0.205000 0.395000
2 0.206667 0.418333 0.195000 0.430000 0.195000 0.431667 0.196667 0.430000 0.198333 0.430000 0.201667 0.426667 0.203333 0.426667 0.203333 0.425000 0.206667 0.421667
0 0.313333 0.420000 0.313333 0.421667 0.315000 0.423333 0.315000 0.426667 0.316667 0.428333 0.315000 0.430000 0.315000 0.431667 0.316667 0.433333 0.315000 0.435000 0.315000 0.436667 0.311667 0.440000 0.311667 0.445000 0.313333 0.445000 0.315000 0.443333 0.315000 0.441667 0.316667 0.440000 0.315000 0.438333 0.318333 0.435000 0.318333 0.430000 0.316667 0.428333 0.316667 0.421667 0.315000 0.420000
0 0.368333 0.450000 0.368333 0.455000 0.368333 0.453333 0.370000 0.451667 0.371667 0.451667 0.373333 0.453333 0.376667 0.453333 0.378333 0.455000 0.380000 0.455000 0.386667 0.461667 0.386667 0.463333 0.385000 0.465000 0.383333 0.465000 0.381667 0.466667 0.381667 0.468333 0.380000 0.470000 0.381667 0.471667 0.383333 0.471667 0.385000 0.470000 0.385000 0.468333 0.386667 0.466667 0.390000 0.466667 0.390000 0.465000 0.391667 0.463333 0.390000 0.461667 0.390000 0.460000 0.388333 0.458333 0.386667 0.458333 0.385000 0.456667 0.385000 0.453333 0.383333 0.453333 0.381667 0.451667 0.378333 0.451667 0.376667 0.450000
0 0.575000 0.431667 0.573333 0.433333 0.576667 0.436667 0.576667 0.438333 0.578333 0.438333 0.580000 0.440000 0.580000 0.443333 0.581667 0.445000 0.585000 0.445000 0.588333 0.448333 0.590000 0.448333 0.591667 0.450000 0.615000 0.450000 0.620000 0.445000 0.623333 0.445000 0.625000 0.443333 0.628333 0.443333 0.630000 0.441667 0.631667 0.441667 0.630000 0.440000 0.630000 0.438333 0.626667 0.438333 0.625000 0.440000 0.623333 0.440000 0.621667 0.441667 0.613333 0.441667 0.611667 0.443333 0.601667 0.443333 0.600000 0.445000 0.596667 0.441667 0.595000 0.443333 0.591667 0.443333 0.590000 0.441667 0.590000 0.440000 0.585000 0.435000 0.585000 0.433333 0.583333 0.433333 0.581667 0.431667
0 0.718333 0.430000 0.716667 0.431667 0.713333 0.431667 0.711667 0.433333 0.711667 0.440000 0.713333 0.441667 0.713333 0.450000 0.711667 0.451667 0.711667 0.455000 0.713333 0.455000 0.715000 0.456667 0.715000 0.460000 0.716667 0.461667 0.716667 0.463333 0.718333 0.465000 0.718333 0.466667 0.721667 0.470000 0.721667 0.471667 0.723333 0.473333 0.723333 0.475000 0.725000 0.475000 0.728333 0.478333 0.728333 0.480000 0.731667 0.483333 0.731667 0.485000 0.733333 0.485000 0.735000 0.486667 0.735000 0.483333 0.733333 0.481667 0.733333 0.478333 0.731667 0.476667 0.731667 0.475000 0.730000 0.473333 0.730000 0.471667 0.726667 0.468333 0.726667 0.466667 0.725000 0.465000 0.725000 0.463333 0.723333 0.461667 0.723333 0.458333 0.721667 0.456667 0.721667 0.455000 0.716667 0.450000 0.718333 0.448333 0.720000 0.448333 0.721667 0.446667 0.721667 0.441667 0.720000 0.440000 0.720000 0.436667 0.721667 0.435000 0.721667 0.430000
0 0.845000 0.425000 0.843333 0.426667 0.841667 0.426667 0.833333 0.435000 0.831667 0.435000 0.831667 0.436667 0.826667 0.441667 0.826667 0.443333 0.823333 0.446667 0.823333 0.448333 0.821667 0.450000 0.821667 0.451667 0.818333 0.455000 0.818333 0.458333 0.816667 0.460000 0.816667 0.461667 0.818333 0.461667 0.820000 0.463333 0.820000 0.465000 0.818333 0.466667 0.818333 0.468333 0.821667 0.471667 0.825000 0.471667 0.826667 0.470000 0.826667 0.468333 0.828333 0.466667 0.828333 0.465000 0.826667 0.463333 0.826667 0.461667 0.825000 0.461667 0.823333 0.460000 0.823333 0.458333 0.825000 0.456667 0.825000 0.455000 0.828333 0.451667 0.830000 0.451667 0.830000 0.450000 0.833333 0.446667 0.833333 0.445000 0.835000 0.443333 0.835000 0.441667 0.841667 0.435000 0.843333 0.435000 0.846667 0.431667 0.846667 0.430000 0.848333 0.428333
0 0.980000 0.416667 0.973333 0.423333 0.973333 0.426667 0.971667 0.428333 0.970000 0.428333 0.970000 0.430000 0.965000 0.435000 0.963333 0.433333 0.958333 0.433333 0.956667 0.431667 0.951667 0.431667 0.948333 0.428333 0.941667 0.428333 0.940000 0.426667 0.933333 0.426667 0.931667 0.425000 0.928333 0.425000 0.928333 0.426667 0.931667 0.430000 0.933333 0.430000 0.936667 0.433333 0.941667 0.433333 0.943333 0.435000 0.948333 0.435000 0.950000 0.436667 0.953333 0.436667 0.955000 0.438333 0.961667 0.438333 0.963333 0.440000 0.971667 0.440000 0.973333 0.438333 0.973333 0.436667 0.975000 0.435000 0.975000 0.433333 0.980000 0.428333 0.980000 0.426667 0.981667 0.425000 0.981667 0.418333
4 0.848333 0.360000 0.846667 0.361667 0.846667 0.381667 0.845000 0.383333 0.848333 0.383333 0.850000 0.381667 0.850000 0.378333 0.851667 0.376667 0.851667 0.373333 0.853333 0.371667 0.853333 0.370000 0.851667 0.368333 0.853333 0.366667 0.853333 0.363333 0.851667 0.361667 0.850000 0.361667
0 0.920000 0.023333 0.920000 0.025000 0.918333 0.026667 0.916667 0.026667 0.915000 0.028333 0.915000 0.030000 0.913333 0.031667 0.908333 0.031667 0.906667 0.033333 0.901667 0.033333 0.900000 0.035000 0.898333 0.035000 0.896667 0.036667 0.896667 0.038333 0.893333 0.041667 0.891667 0.041667 0.886667 0.046667 0.888333 0.048333 0.888333 0.050000 0.886667 0.051667 0.886667 0.058333 0.885000 0.060000 0.885000 0.086667 0.886667 0.088333 0.888333 0.088333 0.890000 0.086667 0.890000 0.081667 0.891667 0.080000 0.891667 0.073333 0.895000 0.070000 0.895000 0.066667 0.893333 0.065000 0.893333 0.063333 0.895000 0.061667 0.895000 0.060000 0.893333 0.058333 0.893333 0.053333 0.898333 0.048333 0.898333 0.046667 0.901667 0.043333 0.905000 0.043333 0.906667 0.041667 0.906667 0.040000 0.908333 0.038333 0.911667 0.038333 0.918333 0.031667 0.920000 0.031667 0.920000 0.028333 0.923333 0.025000 0.921667 0.025000
0 0.686667 0.003333 0.686667 0.005000 0.685000 0.006667 0.685000 0.008333 0.683333 0.010000 0.683333 0.011667 0.676667 0.018333 0.676667 0.020000 0.675000 0.021667 0.675000 0.023333 0.673333 0.025000 0.673333 0.028333 0.671667 0.030000 0.666667 0.030000 0.665000 0.031667 0.660000 0.031667 0.656667 0.035000 0.658333 0.036667 0.671667 0.036667 0.673333 0.038333 0.673333 0.040000 0.671667 0.041667 0.671667 0.043333 0.673333 0.045000 0.673333 0.050000 0.675000 0.051667 0.675000 0.053333 0.676667 0.055000 0.680000 0.055000 0.681667 0.053333 0.681667 0.043333 0.675000 0.036667 0.675000 0.035000 0.676667 0.033333 0.676667 0.030000 0.678333 0.028333 0.678333 0.026667 0.680000 0.025000 0.681667 0.025000 0.681667 0.023333 0.688333 0.016667 0.690000 0.016667 0.690000 0.011667 0.688333 0.010000 0.693333 0.005000 0.693333 0.003333
4 0.770000 0.051667 0.768333 0.053333 0.770000 0.055000 0.770000 0.058333 0.771667 0.058333 0.775000 0.061667 0.780000 0.061667 0.781667 0.060000 0.780000 0.058333 0.780000 0.056667 0.778333 0.055000 0.776667 0.055000 0.775000 0.053333 0.773333 0.053333 0.771667 0.051667
4 0.803333 0.050000 0.801667 0.051667 0.801667 0.053333 0.803333 0.055000 0.803333 0.056667 0.801667 0.058333 0.803333 0.060000 0.805000 0.060000 0.810000 0.055000 0.811667 0.055000 0.811667 0.053333 0.808333 0.053333 0.805000 0.050000
2 0.510000 0.098333 0.510000 0.101667 0.506667 0.105000 0.503333 0.105000 0.496667 0.111667 0.495000 0.111667 0.495000 0.113333 0.498333 0.113333 0.500000 0.111667 0.518333 0.111667 0.516667 0.110000 0.513333 0.110000 0.511667 0.108333 0.510000 0.108333 0.508333 0.106667 0.513333 0.101667 0.515000 0.101667 0.515000 0.100000 0.513333 0.098333
2 0.460000 0.085000 0.460000 0.090000 0.458333 0.091667 0.458333 0.096667 0.460000 0.098333 0.460000 0.108333 0.460000 0.106667 0.461667 0.105000 0.461667 0.100000 0.463333 0.098333 0.463333 0.095000 0.465000 0.093333 0.465000 0.091667 0.468333 0.088333 0.468333 0.086667 0.470000 0.085000 0.466667 0.085000 0.466667 0.086667 0.463333 0.090000 0.461667 0.088333 0.461667 0.085000
0 0.588333 0.013333 0.586667 0.015000 0.585000 0.015000 0.583333 0.016667 0.575000 0.016667 0.571667 0.020000 0.551667 0.020000 0.550000 0.021667 0.545000 0.021667 0.543333 0.023333 0.536667 0.023333 0.535000 0.025000 0.533333 0.025000 0.531667 0.026667 0.551667 0.026667 0.553333 0.025000 0.565000 0.025000 0.566667 0.026667 0.570000 0.026667 0.571667 0.028333 0.580000 0.028333 0.581667 0.026667 0.583333 0.026667 0.585000 0.025000 0.586667 0.025000 0.590000 0.021667 0.590000 0.018333 0.588333 0.016667
4 0.340000 0.056667 0.338333 0.058333 0.340000 0.060000 0.343333 0.060000 0.345000 0.058333 0.343333 0.056667
4 0.505000 0.085000 0.503333 0.086667 0.505000 0.088333 0.503333 0.090000 0.503333 0.091667 0.508333 0.091667 0.510000 0.090000 0.510000 0.088333 0.506667 0.088333 0.505000 0.086667
2 0.950000 0.103333 0.948333 0.105000 0.946667 0.105000 0.945000 0.106667 0.945000 0.108333 0.946667 0.106667 0.950000 0.106667 0.953333 0.110000 0.955000 0.110000 0.956667 0.111667 0.958333 0.111667 0.961667 0.115000 0.965000 0.115000 0.965000 0.111667 0.963333 0.111667 0.961667 0.110000 0.960000 0.110000 0.956667 0.106667 0.953333 0.106667 0.951667 0.105000 0.951667 0.103333
4 0.878333 0.406667 0.878333 0.408333 0.880000 0.410000 0.881667 0.410000 0.883333 0.411667 0.883333 0.413333 0.885000 0.415000 0.886667 0.415000 0.888333 0.413333 0.888333 0.411667 0.886667 0.410000 0.886667 0.406667 0.885000 0.406667 0.883333 0.408333 0.881667 0.406667
4 0.965000 0.558333 0.965000 0.561667 0.968333 0.565000 0.970000 0.565000 0.970000 0.560000 0.968333 0.558333
4 0.953333 0.573333 0.951667 0.575000 0.953333 0.575000 0.955000 0.576667 0.956667 0.575000 0.958333 0.576667 0.960000 0.575000 0.958333 0.573333
4 0.953333 0.585000 0.951667 0.586667 0.951667 0.588333 0.950000 0.590000 0.951667 0.591667 0.955000 0.591667 0.955000 0.588333 0.956667 0.586667 0.955000 0.586667
2 0.765000 0.613333 0.760000 0.618333 0.758333 0.618333 0.756667 0.620000 0.756667 0.621667 0.753333 0.625000 0.751667 0.625000 0.751667 0.626667 0.750000 0.628333 0.753333 0.628333 0.756667 0.625000 0.756667 0.623333 0.758333 0.621667 0.760000 0.621667 0.768333 0.613333 0.770000 0.613333
2 0.570000 0.525000 0.568333 0.526667 0.568333 0.530000 0.566667 0.531667 0.566667 0.535000 0.558333 0.543333 0.556667 0.543333 0.555000 0.545000 0.553333 0.545000 0.545000 0.553333 0.546667 0.555000 0.548333 0.553333 0.550000 0.553333 0.555000 0.548333 0.556667 0.548333 0.563333 0.541667 0.565000 0.541667 0.566667 0.540000 0.566667 0.536667 0.568333 0.535000 0.568333 0.533333 0.570000 0.531667 0.570000 0.530000 0.571667 0.528333 0.571667 0.526667 0.573333 0.525000
4 0.565000 0.545000 0.561667 0.548333 0.561667 0.555000 0.563333 0.556667 0.565000 0.555000 0.566667 0.555000 0.565000 0.553333 0.565000 0.551667 0.566667 0.550000 0.566667 0.548333 0.568333 0.546667 0.568333 0.545000
4 0.571667 0.513333 0.570000 0.515000 0.570000 0.521667 0.571667 0.523333 0.571667 0.518333 0.573333 0.516667 0.573333 0.513333
4 0.578333 0.525000 0.578333 0.531667 0.581667 0.531667 0.581667 0.528333
4 0.598333 0.526667 0.596667 0.528333 0.596667 0.530000 0.601667 0.530000 0.603333 0.528333 0.601667 0.526667
4 0.338333 0.635000 0.338333 0.641667 0.340000 0.641667 0.341667 0.640000 0.343333 0.640000 0.345000 0.641667 0.348333 0.641667 0.350000 0.640000 0.348333 0.638333 0.348333 0.636667 0.350000 0.635000 0.346667 0.635000 0.343333 0.638333 0.341667 0.636667 0.341667 0.635000
2 0.693333 0.741667 0.696667 0.741667 0.698333 0.743333 0.703333 0.743333 0.705000 0.745000 0.708333 0.745000 0.706667 0.743333 0.705000 0.743333 0.703333 0.741667
4 0.711667 0.710000 0.710000 0.711667 0.708333 0.711667 0.706667 0.713333 0.706667 0.715000 0.708333 0.716667 0.713333 0.716667 0.713333 0.711667 0.715000 0.710000
4 0.720000 0.731667 0.718333 0.733333 0.718333 0.740000 0.720000 0.741667 0.721667 0.741667 0.723333 0.740000 0.723333 0.738333 0.725000 0.736667 0.725000 0.735000 0.723333 0.733333 0.723333 0.731667
4 0.873333 0.731667 0.871667 0.733333 0.878333 0.740000 0.880000 0.738333 0.880000 0.735000 0.881667 0.733333 0.875000 0.733333
2 0.918333 0.573333 0.920000 0.573333 0.923333 0.576667 0.923333 0.578333 0.926667 0.581667 0.928333 0.581667 0.930000 0.583333 0.931667 0.583333 0.935000 0.586667 0.936667 0.585000 0.935000 0.585000 0.931667 0.581667 0.930000 0.581667 0.928333 0.580000 0.928333 0.578333 0.923333 0.573333
4 0.965000 0.513333 0.970000 0.518333 0.973333 0.518333 0.973333 0.516667 0.971667 0.516667 0.970000 0.515000 0.970000 0.513333
4 0.895000 0.506667 0.893333 0.508333 0.890000 0.508333 0.888333 0.510000 0.886667 0.510000 0.885000 0.511667 0.885000 0.513333 0.888333 0.513333 0.891667 0.510000 0.896667 0.510000 0.898333 0.508333 0.896667 0.506667
2 0.665000 0.446667 0.665000 0.448333 0.666667 0.450000 0.666667 0.451667 0.668333 0.453333 0.668333 0.455000 0.671667 0.455000 0.673333 0.456667 0.675000 0.456667 0.676667 0.458333 0.680000 0.458333 0.681667 0.456667 0.685000 0.456667 0.683333 0.455000 0.676667 0.455000 0.675000 0.453333 0.673333 0.453333 0.671667 0.451667 0.671667 0.450000 0.670000 0.450000 0.666667 0.446667
4 0.666667 0.435000 0.665000 0.436667 0.665000 0.438333 0.663333 0.440000 0.656667 0.440000 0.660000 0.443333 0.661667 0.443333 0.663333 0.445000 0.665000 0.445000 0.668333 0.441667 0.671667 0.441667 0.673333 0.440000 0.670000 0.436667 0.668333 0.436667
4 0.110000 0.585000 0.108333 0.586667 0.106667 0.586667 0.103333 0.590000 0.103333 0.591667 0.106667 0.591667 0.111667 0.586667 0.111667 0.585000
4 0.338333 0.623333 0.336667 0.625000 0.335000 0.625000 0.336667 0.625000 0.338333 0.626667 0.338333 0.628333 0.340000 0.630000 0.341667 0.628333 0.343333 0.630000 0.345000 0.628333 0.345000 0.626667 0.346667 0.625000 0.346667 0.623333
4 0.276667 0.648333 0.275000 0.650000 0.276667 0.651667 0.276667 0.653333 0.278333 0.655000 0.280000 0.653333 0.280000 0.648333
4 0.253333 0.751667 0.251667 0.753333 0.250000 0.753333 0.248333 0.755000 0.248333 0.756667 0.246667 0.758333 0.246667 0.760000 0.250000 0.760000 0.250000 0.758333 0.253333 0.755000
