1 0.013333 0.068333 0.011667 0.070000 0.010000 0.070000 0.010000 0.071667 0.018333 0.071667 0.016667 0.070000 0.016667 0.068333
0 0.031667 0.068333 0.030000 0.070000 0.028333 0.070000 0.026667 0.071667 0.026667 0.075000 0.025000 0.076667 0.025000 0.078333 0.023333 0.080000 0.021667 0.078333 0.015000 0.078333 0.013333 0.080000 0.015000 0.081667 0.015000 0.083333 0.016667 0.085000 0.016667 0.086667 0.015000 0.088333 0.015000 0.091667 0.013333 0.093333 0.013333 0.096667 0.011667 0.098333 0.011667 0.100000 0.013333 0.101667 0.013333 0.103333 0.011667 0.105000 0.011667 0.113333 0.013333 0.115000 0.013333 0.110000 0.015000 0.108333 0.015000 0.106667 0.016667 0.105000 0.016667 0.096667 0.018333 0.095000 0.018333 0.091667 0.021667 0.088333 0.021667 0.086667 0.023333 0.085000 0.025000 0.085000 0.026667 0.083333 0.026667 0.081667 0.030000 0.078333 0.030000 0.076667 0.031667 0.075000 0.031667 0.073333 0.033333 0.071667 0.035000 0.071667 0.035000 0.068333
0 0.140000 0.051667 0.135000 0.056667 0.136667 0.058333 0.133333 0.061667 0.133333 0.063333 0.131667 0.065000 0.131667 0.068333 0.130000 0.070000 0.130000 0.075000 0.128333 0.076667 0.128333 0.085000 0.123333 0.090000 0.123333 0.091667 0.121667 0.093333 0.121667 0.098333 0.120000 0.100000 0.121667 0.100000 0.126667 0.095000 0.126667 0.091667 0.128333 0.090000 0.130000 0.090000 0.130000 0.081667 0.131667 0.080000 0.131667 0.076667 0.133333 0.075000 0.133333 0.073333 0.136667 0.070000 0.136667 0.066667 0.138333 0.065000 0.138333 0.061667 0.140000 0.060000 0.140000 0.056667 0.141667 0.055000 0.141667 0.051667
4 0.165000 0.071667 0.163333 0.073333 0.163333 0.078333 0.165000 0.078333 0.170000 0.073333 0.168333 0.071667
0 0.280000 0.045000 0.270000 0.055000 0.270000 0.056667 0.265000 0.061667 0.265000 0.063333 0.250000 0.078333 0.248333 0.078333 0.246667 0.080000 0.248333 0.080000 0.250000 0.081667 0.248333 0.083333 0.246667 0.083333 0.243333 0.086667 0.246667 0.086667 0.248333 0.088333 0.251667 0.085000 0.253333 0.085000 0.255000 0.083333 0.256667 0.083333 0.253333 0.083333 0.251667 0.081667 0.255000 0.078333 0.256667 0.078333 0.260000 0.075000 0.260000 0.073333 0.268333 0.065000 0.268333 0.063333 0.271667 0.060000 0.271667 0.058333 0.275000 0.055000 0.275000 0.053333 0.276667 0.051667 0.276667 0.050000 0.278333 0.048333 0.278333 0.046667
0 0.361667 0.055000 0.360000 0.056667 0.358333 0.056667 0.356667 0.058333 0.353333 0.058333 0.351667 0.060000 0.350000 0.060000 0.348333 0.061667 0.346667 0.061667 0.341667 0.066667 0.340000 0.066667 0.338333 0.068333 0.338333 0.070000 0.335000 0.073333 0.333333 0.071667 0.331667 0.071667 0.330000 0.073333 0.328333 0.073333 0.325000 0.076667 0.323333 0.076667 0.321667 0.078333 0.320000 0.078333 0.330000 0.078333 0.331667 0.080000 0.328333 0.083333 0.328333 0.085000 0.326667 0.086667 0.326667 0.088333 0.328333 0.090000 0.331667 0.090000 0.333333 0.088333 0.333333 0.086667 0.335000 0.085000 0.335000 0.078333 0.336667 0.076667 0.336667 0.075000 0.341667 0.070000 0.343333 0.070000 0.346667 0.066667 0.348333 0.066667 0.351667 0.063333 0.353333 0.063333 0.355000 0.061667 0.356667 0.061667 0.358333 0.060000 0.360000 0.060000 0.363333 0.056667 0.365000 0.056667 0.366667 0.055000
0 0.425000 0.056667 0.425000 0.088333 0.423333 0.090000 0.421667 0.090000 0.421667 0.095000 0.420000 0.096667 0.420000 0.105000 0.418333 0.106667 0.418333 0.116667 0.421667 0.113333 0.421667 0.111667 0.423333 0.110000 0.425000 0.110000 0.425000 0.106667 0.426667 0.105000 0.426667 0.101667 0.425000 0.100000 0.425000 0.095000 0.426667 0.093333 0.426667 0.091667 0.428333 0.090000 0.430000 0.090000 0.430000 0.088333 0.440000 0.078333 0.440000 0.073333 0.436667 0.073333 0.430000 0.080000 0.428333 0.080000 0.426667 0.078333 0.428333 0.076667 0.428333 0.075000 0.430000 0.073333 0.430000 0.063333 0.428333 0.061667 0.428333 0.058333 0.426667 0.058333
4 0.455000 0.078333 0.455000 0.085000 0.456667 0.085000 0.460000 0.081667 0.458333 0.080000 0.456667 0.080000
0 0.645000 0.073333 0.640000 0.078333 0.638333 0.078333 0.636667 0.080000 0.635000 0.080000 0.628333 0.086667 0.618333 0.086667 0.616667 0.088333 0.615000 0.088333 0.611667 0.091667 0.610000 0.091667 0.605000 0.096667 0.605000 0.098333 0.598333 0.105000 0.598333 0.106667 0.596667 0.108333 0.596667 0.110000 0.598333 0.108333 0.601667 0.108333 0.603333 0.106667 0.603333 0.105000 0.613333 0.095000 0.615000 0.095000 0.615000 0.093333 0.616667 0.091667 0.618333 0.091667 0.620000 0.090000 0.621667 0.091667 0.625000 0.091667 0.626667 0.093333 0.643333 0.093333 0.646667 0.090000 0.645000 0.088333 0.638333 0.088333 0.636667 0.086667 0.636667 0.085000 0.645000 0.076667
0 0.753333 0.038333 0.753333 0.051667 0.755000 0.053333 0.755000 0.068333 0.756667 0.070000 0.756667 0.075000 0.755000 0.076667 0.756667 0.076667 0.758333 0.078333 0.758333 0.080000 0.756667 0.081667 0.756667 0.086667 0.758333 0.088333 0.758333 0.090000 0.760000 0.091667 0.765000 0.091667 0.765000 0.090000 0.768333 0.086667 0.768333 0.085000 0.770000 0.083333 0.770000 0.081667 0.768333 0.080000 0.768333 0.076667 0.766667 0.075000 0.765000 0.075000 0.763333 0.073333 0.761667 0.073333 0.760000 0.071667 0.760000 0.048333 0.758333 0.046667 0.758333 0.043333 0.756667 0.041667 0.756667 0.040000 0.755000 0.038333
0 0.850000 0.055000 0.846667 0.058333 0.843333 0.058333 0.831667 0.070000 0.830000 0.070000 0.826667 0.073333 0.826667 0.076667 0.825000 0.078333 0.821667 0.078333 0.818333 0.081667 0.818333 0.085000 0.816667 0.086667 0.813333 0.086667 0.811667 0.088333 0.811667 0.093333 0.816667 0.093333 0.818333 0.091667 0.820000 0.091667 0.828333 0.083333 0.828333 0.080000 0.830000 0.078333 0.833333 0.078333 0.836667 0.075000 0.838333 0.075000 0.838333 0.073333 0.846667 0.065000 0.846667 0.063333 0.848333 0.061667 0.850000 0.061667 0.850000 0.060000 0.853333 0.056667 0.851667 0.056667
0 0.876667 0.080000 0.876667 0.081667 0.878333 0.083333 0.878333 0.088333 0.880000 0.090000 0.880000 0.091667 0.881667 0.093333 0.881667 0.095000 0.891667 0.105000 0.893333 0.105000 0.895000 0.106667 0.896667 0.106667 0.900000 0.110000 0.901667 0.110000 0.903333 0.111667 0.903333 0.113333 0.906667 0.113333 0.908333 0.115000 0.910000 0.115000 0.911667 0.116667 0.913333 0.116667 0.916667 0.120000 0.920000 0.120000 0.918333 0.118333 0.918333 0.116667 0.916667 0.116667 0.915000 0.115000 0.915000 0.113333 0.913333 0.113333 0.908333 0.108333 0.906667 0.108333 0.905000 0.106667 0.903333 0.106667 0.901667 0.105000 0.900000 0.105000 0.898333 0.103333 0.896667 0.103333 0.888333 0.095000 0.888333 0.090000 0.886667 0.088333 0.886667 0.083333 0.883333 0.080000
4 0.845000 0.456667 0.845000 0.463333 0.846667 0.465000 0.846667 0.456667
0 0.855000 0.428333 0.851667 0.431667 0.851667 0.433333 0.850000 0.435000 0.850000 0.438333 0.848333 0.440000 0.848333 0.470000 0.850000 0.471667 0.850000 0.473333 0.851667 0.473333 0.853333 0.475000 0.853333 0.448333 0.851667 0.446667 0.851667 0.443333 0.853333 0.441667 0.855000 0.441667 0.856667 0.440000 0.858333 0.440000 0.861667 0.436667 0.863333 0.436667 0.863333 0.433333 0.858333 0.428333
0 0.793333 0.403333 0.793333 0.405000 0.790000 0.408333 0.790000 0.411667 0.788333 0.413333 0.788333 0.416667 0.790000 0.418333 0.790000 0.420000 0.788333 0.421667 0.788333 0.423333 0.786667 0.425000 0.786667 0.426667 0.785000 0.428333 0.785000 0.430000 0.781667 0.433333 0.781667 0.435000 0.780000 0.436667 0.780000 0.438333 0.778333 0.440000 0.778333 0.450000 0.780000 0.451667 0.780000 0.455000 0.781667 0.453333 0.783333 0.453333 0.785000 0.451667 0.785000 0.445000 0.786667 0.443333 0.786667 0.433333 0.788333 0.431667 0.788333 0.430000 0.791667 0.426667 0.791667 0.425000 0.793333 0.423333 0.793333 0.418333 0.795000 0.416667 0.795000 0.413333 0.796667 0.411667 0.796667 0.408333 0.798333 0.406667 0.796667 0.405000 0.795000 0.405000
0 0.731667 0.428333 0.730000 0.430000 0.730000 0.433333 0.731667 0.435000 0.731667 0.440000 0.735000 0.443333 0.735000 0.445000 0.738333 0.448333 0.738333 0.450000 0.740000 0.451667 0.740000 0.453333 0.743333 0.456667 0.743333 0.458333 0.745000 0.460000 0.745000 0.461667 0.746667 0.463333 0.746667 0.465000 0.748333 0.465000 0.748333 0.456667 0.746667 0.455000 0.746667 0.453333 0.738333 0.445000 0.738333 0.443333 0.736667 0.441667 0.736667 0.438333 0.738333 0.436667 0.740000 0.436667 0.741667 0.435000 0.738333 0.431667 0.738333 0.430000 0.736667 0.431667 0.733333 0.428333
0 0.648333 0.423333 0.648333 0.425000 0.650000 0.426667 0.650000 0.428333 0.655000 0.428333 0.658333 0.431667 0.665000 0.431667 0.668333 0.435000 0.670000 0.435000 0.671667 0.436667 0.673333 0.436667 0.675000 0.438333 0.676667 0.438333 0.678333 0.440000 0.680000 0.440000 0.681667 0.441667 0.696667 0.441667 0.695000 0.440000 0.690000 0.440000 0.688333 0.438333 0.685000 0.438333 0.683333 0.436667 0.678333 0.436667 0.676667 0.435000 0.675000 0.435000 0.673333 0.433333 0.671667 0.433333 0.665000 0.426667 0.663333 0.426667 0.661667 0.425000 0.658333 0.425000 0.656667 0.423333
0 0.606667 0.428333 0.601667 0.433333 0.601667 0.438333 0.600000 0.440000 0.598333 0.440000 0.598333 0.441667 0.596667 0.443333 0.596667 0.448333 0.598333 0.448333 0.600000 0.446667 0.601667 0.446667 0.603333 0.445000 0.605000 0.445000 0.605000 0.441667 0.603333 0.440000 0.606667 0.436667 0.610000 0.436667 0.608333 0.435000 0.608333 0.428333
0 0.445000 0.410000 0.445000 0.416667 0.443333 0.418333 0.440000 0.415000 0.438333 0.415000 0.436667 0.413333 0.430000 0.413333 0.430000 0.416667 0.435000 0.421667 0.440000 0.421667 0.441667 0.423333 0.443333 0.423333 0.446667 0.426667 0.448333 0.426667 0.453333 0.431667 0.453333 0.433333 0.455000 0.433333 0.456667 0.435000 0.456667 0.438333 0.458333 0.440000 0.458333 0.441667 0.460000 0.443333 0.460000 0.445000 0.463333 0.448333 0.463333 0.450000 0.465000 0.451667 0.465000 0.453333 0.466667 0.455000 0.468333 0.453333 0.468333 0.450000 0.466667 0.448333 0.466667 0.446667 0.465000 0.445000 0.465000 0.443333 0.463333 0.441667 0.463333 0.440000 0.461667 0.438333 0.461667 0.436667 0.460000 0.435000 0.460000 0.433333 0.451667 0.425000 0.450000 0.425000 0.448333 0.423333 0.448333 0.410000
0 0.360000 0.408333 0.358333 0.410000 0.356667 0.410000 0.356667 0.425000 0.358333 0.426667 0.358333 0.430000 0.360000 0.431667 0.360000 0.433333 0.353333 0.440000 0.353333 0.441667 0.351667 0.443333 0.351667 0.448333 0.355000 0.448333 0.358333 0.445000 0.358333 0.443333 0.361667 0.440000 0.361667 0.438333 0.363333 0.436667 0.368333 0.436667 0.370000 0.435000 0.370000 0.433333 0.368333 0.433333 0.365000 0.430000 0.365000 0.426667 0.363333 0.426667 0.361667 0.425000 0.361667 0.421667 0.360000 0.420000 0.360000 0.418333 0.361667 0.416667 0.361667 0.415000 0.360000 0.413333
0 0.286667 0.411667 0.285000 0.413333 0.283333 0.413333 0.281667 0.415000 0.280000 0.415000 0.278333 0.416667 0.276667 0.416667 0.275000 0.418333 0.273333 0.418333 0.271667 0.420000 0.270000 0.420000 0.268333 0.421667 0.265000 0.421667 0.263333 0.423333 0.261667 0.421667 0.261667 0.420000 0.260000 0.418333 0.260000 0.420000 0.258333 0.421667 0.258333 0.423333 0.256667 0.425000 0.250000 0.425000 0.248333 0.426667 0.248333 0.430000 0.250000 0.430000 0.251667 0.431667 0.255000 0.431667 0.256667 0.430000 0.263333 0.430000 0.268333 0.425000 0.271667 0.425000 0.273333 0.423333 0.276667 0.423333 0.280000 0.420000 0.281667 0.420000 0.283333 0.418333 0.285000 0.418333 0.290000 0.413333 0.290000 0.411667
0 0.223333 0.406667 0.221667 0.408333 0.221667 0.410000 0.220000 0.411667 0.220000 0.413333 0.216667 0.416667 0.216667 0.425000 0.215000 0.426667 0.211667 0.426667 0.211667 0.428333 0.205000 0.435000 0.203333 0.435000 0.203333 0.436667 0.201667 0.438333 0.203333 0.438333 0.205000 0.436667 0.206667 0.436667 0.211667 0.431667 0.213333 0.431667 0.215000 0.430000 0.216667 0.430000 0.218333 0.431667 0.216667 0.433333 0.216667 0.438333 0.218333 0.440000 0.218333 0.441667 0.221667 0.441667 0.223333 0.440000 0.223333 0.438333 0.225000 0.436667 0.225000 0.435000 0.221667 0.431667 0.221667 0.430000 0.220000 0.428333 0.220000 0.425000 0.218333 0.423333 0.218333 0.421667 0.220000 0.420000 0.220000 0.416667 0.221667 0.415000 0.221667 0.413333 0.225000 0.410000 0.225000 0.408333 0.226667 0.406667
1 0.035000 0.446667 0.033333 0.448333 0.031667 0.448333 0.030000 0.450000 0.030000 0.453333 0.035000 0.453333 0.036667 0.451667 0.041667 0.451667 0.041667 0.448333 0.040000 0.446667
4 0.020000 0.411667 0.018333 0.413333 0.018333 0.418333 0.021667 0.418333 0.023333 0.416667 0.023333 0.413333 0.021667 0.411667
0 0.016667 0.825000 0.016667 0.828333 0.013333 0.831667 0.011667 0.831667 0.011667 0.833333 0.016667 0.838333 0.020000 0.838333 0.021667 0.840000 0.031667 0.840000 0.041667 0.850000 0.041667 0.851667 0.048333 0.858333 0.050000 0.858333 0.051667 0.860000 0.055000 0.860000 0.056667 0.861667 0.060000 0.861667 0.061667 0.863333 0.063333 0.863333 0.063333 0.861667 0.061667 0.860000 0.058333 0.860000 0.050000 0.851667 0.050000 0.850000 0.046667 0.846667 0.045000 0.846667 0.035000 0.836667 0.035000 0.835000 0.031667 0.831667 0.031667 0.830000 0.030000 0.830000 0.028333 0.831667 0.026667 0.831667 0.021667 0.826667 0.018333 0.826667
0 0.125000 0.830000 0.123333 0.831667 0.120000 0.831667 0.118333 0.833333 0.115000 0.833333 0.113333 0.835000 0.111667 0.835000 0.110000 0.836667 0.110000 0.838333 0.111667 0.838333 0.113333 0.840000 0.115000 0.840000 0.118333 0.836667 0.125000 0.836667 0.126667 0.835000 0.133333 0.835000 0.135000 0.836667 0.138333 0.836667 0.143333 0.841667 0.143333 0.843333 0.145000 0.845000 0.145000 0.846667 0.146667 0.848333 0.146667 0.850000 0.148333 0.851667 0.151667 0.851667 0.153333 0.853333 0.155000 0.851667 0.155000 0.848333 0.153333 0.846667 0.153333 0.845000 0.151667 0.843333 0.153333 0.841667 0.156667 0.841667 0.158333 0.843333 0.161667 0.843333 0.163333 0.841667 0.176667 0.841667 0.178333 0.840000 0.181667 0.840000 0.181667 0.838333 0.166667 0.838333 0.165000 0.840000 0.156667 0.840000 0.155000 0.838333 0.148333 0.838333 0.141667 0.831667 0.140000 0.831667 0.138333 0.830000
0 0.215000 0.825000 0.220000 0.830000 0.220000 0.831667 0.225000 0.836667 0.225000 0.838333 0.228333 0.841667 0.230000 0.841667 0.231667 0.843333 0.236667 0.843333 0.240000 0.846667 0.240000 0.851667 0.241667 0.853333 0.241667 0.861667 0.245000 0.865000 0.248333 0.865000 0.248333 0.863333 0.250000 0.861667 0.251667 0.861667 0.253333 0.863333 0.253333 0.865000 0.255000 0.863333 0.253333 0.861667 0.253333 0.858333 0.250000 0.855000 0.250000 0.853333 0.245000 0.848333 0.245000 0.845000 0.243333 0.843333 0.241667 0.843333 0.240000 0.841667 0.238333 0.841667 0.236667 0.840000 0.235000 0.840000 0.228333 0.833333 0.226667 0.833333 0.223333 0.830000 0.221667 0.830000 0.218333 0.826667 0.216667 0.826667
0 0.471667 0.848333 0.470000 0.850000 0.460000 0.850000 0.458333 0.851667 0.446667 0.851667 0.445000 0.853333 0.443333 0.853333 0.435000 0.861667 0.433333 0.861667 0.431667 0.863333 0.428333 0.863333 0.431667 0.863333 0.433333 0.865000 0.436667 0.865000 0.438333 0.863333 0.440000 0.863333 0.441667 0.861667 0.443333 0.863333 0.443333 0.868333 0.445000 0.870000 0.445000 0.873333 0.446667 0.873333 0.448333 0.871667 0.448333 0.870000 0.450000 0.868333 0.450000 0.866667 0.451667 0.865000 0.451667 0.856667 0.453333 0.855000 0.455000 0.855000 0.456667 0.853333 0.463333 0.853333 0.465000 0.851667 0.473333 0.851667 0.475000 0.850000 0.478333 0.850000 0.476667 0.848333
0 0.638333 0.840000 0.638333 0.846667 0.641667 0.850000 0.641667 0.851667 0.645000 0.855000 0.648333 0.855000 0.651667 0.858333 0.651667 0.861667 0.655000 0.865000 0.655000 0.866667 0.656667 0.868333 0.656667 0.873333 0.658333 0.875000 0.658333 0.878333 0.660000 0.880000 0.660000 0.885000 0.661667 0.886667 0.661667 0.888333 0.663333 0.888333 0.663333 0.876667 0.661667 0.875000 0.661667 0.870000 0.660000 0.868333 0.660000 0.865000 0.658333 0.863333 0.658333 0.861667 0.653333 0.856667 0.653333 0.855000 0.651667 0.855000 0.650000 0.853333 0.651667 0.851667 0.650000 0.850000 0.646667 0.850000 0.645000 0.848333 0.645000 0.845000 0.641667 0.841667 0.640000 0.841667
0 0.828333 0.840000 0.828333 0.858333 0.830000 0.860000 0.828333 0.861667 0.828333 0.863333 0.818333 0.873333 0.818333 0.876667 0.813333 0.881667 0.813333 0.885000 0.811667 0.886667 0.811667 0.888333 0.815000 0.888333 0.816667 0.886667 0.818333 0.886667 0.823333 0.881667 0.823333 0.876667 0.825000 0.875000 0.828333 0.878333 0.830000 0.878333 0.830000 0.865000 0.831667 0.863333 0.831667 0.855000 0.833333 0.853333 0.833333 0.848333 0.831667 0.846667 0.831667 0.840000
2 0.760000 0.968333 0.758333 0.970000 0.756667 0.970000 0.755000 0.971667 0.751667 0.971667 0.750000 0.970000 0.748333 0.970000 0.746667 0.971667 0.748333 0.973333 0.756667 0.973333 0.758333 0.971667 0.765000 0.971667 0.766667 0.973333 0.766667 0.971667 0.763333 0.971667 0.761667 0.970000 0.761667 0.968333
0 0.693333 0.826667 0.693333 0.830000 0.696667 0.830000 0.698333 0.831667 0.700000 0.831667 0.701667 0.833333 0.703333 0.833333 0.705000 0.835000 0.705000 0.836667 0.706667 0.836667 0.708333 0.838333 0.711667 0.838333 0.713333 0.840000 0.715000 0.840000 0.715000 0.838333 0.710000 0.833333 0.710000 0.831667 0.708333 0.831667 0.706667 0.830000 0.703333 0.830000 0.701667 0.828333 0.700000 0.828333 0.698333 0.826667
1 0.241667 0.768333 0.240000 0.770000 0.240000 0.771667 0.241667 0.773333 0.240000 0.775000 0.243333 0.775000 0.245000 0.776667 0.245000 0.780000 0.250000 0.775000 0.248333 0.773333 0.250000 0.771667 0.250000 0.770000 0.245000 0.770000 0.243333 0.768333
1 0.143333 0.736667 0.141667 0.738333 0.136667 0.738333 0.136667 0.740000 0.138333 0.741667 0.140000 0.741667 0.141667 0.743333 0.143333 0.743333 0.146667 0.740000 0.146667 0.738333 0.145000 0.736667
4 0.235000 0.716667 0.235000 0.723333 0.236667 0.723333 0.238333 0.725000 0.238333 0.726667 0.240000 0.726667 0.243333 0.723333 0.243333 0.721667 0.241667 0.721667 0.240000 0.720000 0.240000 0.718333 0.238333 0.716667
1 0.101667 0.678333 0.100000 0.680000 0.096667 0.680000 0.096667 0.681667 0.101667 0.686667 0.105000 0.686667 0.106667 0.685000 0.103333 0.681667 0.103333 0.678333
1 0.041667 0.670000 0.041667 0.675000 0.040000 0.676667 0.040000 0.678333 0.041667 0.678333 0.043333 0.680000 0.046667 0.680000 0.048333 0.678333 0.045000 0.675000 0.045000 0.670000
1 0.231667 0.561667 0.231667 0.566667 0.233333 0.566667 0.235000 0.568333 0.235000 0.571667 0.236667 0.571667 0.238333 0.570000 0.240000 0.570000 0.241667 0.571667 0.243333 0.570000 0.243333 0.568333 0.240000 0.568333 0.238333 0.566667 0.236667 0.566667 0.235000 0.565000 0.235000 0.563333 0.233333 0.561667
4 0.066667 0.608333 0.065000 0.610000 0.063333 0.610000 0.063333 0.611667 0.065000 0.613333 0.066667 0.613333 0.068333 0.611667 0.070000 0.611667 0.070000 0.608333
4 0.115000 0.305000 0.115000 0.308333 0.116667 0.310000 0.116667 0.313333 0.118333 0.311667 0.120000 0.313333 0.123333 0.313333 0.126667 0.310000 0.125000 0.308333 0.125000 0.305000 0.120000 0.305000 0.118333 0.306667 0.116667 0.305000
1 0.258333 0.230000 0.256667 0.231667 0.258333 0.233333
1 0.261667 0.230000 0.261667 0.231667 0.260000 0.233333 0.260000 0.236667 0.261667 0.236667 0.263333 0.235000 0.263333 0.231667 0.265000 0.230000
4 0.755000 0.703333 0.753333 0.705000 0.755000 0.705000 0.756667 0.706667 0.758333 0.706667 0.760000 0.708333 0.763333 0.708333 0.763333 0.705000 0.761667 0.703333
4 0.456667 0.616667 0.453333 0.620000 0.451667 0.620000 0.451667 0.623333 0.458333 0.623333 0.458333 0.618333
4 0.890000 0.353333 0.890000 0.355000 0.891667 0.356667 0.891667 0.360000 0.893333 0.361667 0.893333 0.363333 0.895000 0.363333 0.895000 0.360000 0.893333 0.358333 0.893333 0.355000 0.891667 0.355000
4 0.825000 0.335000 0.826667 0.336667 0.826667 0.338333 0.828333 0.340000 0.830000 0.340000 0.830000 0.336667 0.828333 0.335000
2 0.376667 0.145000 0.378333 0.145000 0.380000 0.146667 0.380000 0.145000
2 0.360000 0.145000 0.360000 0.146667 0.366667 0.153333 0.368333 0.153333 0.370000 0.151667 0.373333 0.151667 0.373333 0.150000 0.371667 0.150000 0.370000 0.151667 0.368333 0.151667 0.363333 0.146667 0.361667 0.146667
1 0.368333 0.143333 0.368333 0.145000 0.370000 0.146667 0.371667 0.146667 0.375000 0.150000 0.375000 0.151667 0.378333 0.151667 0.380000 0.153333 0.380000 0.150000 0.378333 0.148333 0.378333 0.146667 0.376667 0.146667 0.373333 0.143333
4 0.345000 0.081667 0.343333 0.083333 0.343333 0.088333 0.348333 0.088333 0.350000 0.086667 0.350000 0.085000 0.348333 0.083333 0.346667 0.083333
4 0.138333 0.045000 0.138333 0.048333 0.140000 0.048333 0.140000 0.045000
4 0.128333 0.056667 0.126667 0.058333 0.128333 0.058333 0.130000 0.060000 0.133333 0.060000 0.135000 0.058333 0.133333 0.056667
4 0.080000 0.006667 0.080000 0.008333 0.078333 0.010000 0.081667 0.010000 0.081667 0.008333
0 0.086667 0.073333 0.085000 0.075000 0.085000 0.076667 0.083333 0.078333 0.083333 0.081667 0.085000 0.083333 0.085000 0.086667 0.083333 0.088333 0.083333 0.090000 0.081667 0.091667 0.081667 0.093333 0.083333 0.095000 0.083333 0.096667 0.085000 0.098333 0.085000 0.090000 0.086667 0.088333 0.086667 0.078333 0.088333 0.076667 0.088333 0.073333
4 0.075000 0.210000 0.075000 0.213333 0.078333 0.213333 0.078333 0.211667 0.076667 0.210000
4 0.200000 0.325000 0.200000 0.326667 0.201667 0.328333 0.203333 0.328333 0.205000 0.326667 0.205000 0.325000
4 0.651667 0.053333 0.650000 0.055000 0.650000 0.056667 0.651667 0.058333 0.653333 0.058333 0.653333 0.056667 0.655000 0.055000 0.655000 0.053333
4 0.886667 0.020000 0.888333 0.021667 0.890000 0.020000
4 0.315000 0.270000 0.315000 0.273333 0.318333 0.276667 0.318333 0.273333 0.320000 0.271667 0.320000 0.270000
4 0.288333 0.250000 0.291667 0.253333 0.291667 0.255000 0.293333 0.253333 0.293333 0.250000
