4 0.126667 0.000000 0.125000 0.001667 0.125000 0.005000 0.126667 0.006667 0.126667 0.008333 0.130000 0.008333 0.133333 0.005000 0.133333 0.003333 0.135000 0.001667 0.135000 0.000000
0 0.158333 0.055000 0.156667 0.056667 0.156667 0.058333 0.153333 0.061667 0.145000 0.061667 0.145000 0.065000 0.153333 0.065000 0.155000 0.066667 0.158333 0.066667 0.160000 0.068333 0.160000 0.070000 0.156667 0.073333 0.156667 0.075000 0.160000 0.075000 0.163333 0.071667 0.165000 0.071667 0.166667 0.070000 0.168333 0.070000 0.171667 0.073333 0.173333 0.073333 0.175000 0.075000 0.178333 0.075000 0.181667 0.078333 0.185000 0.078333 0.186667 0.080000 0.193333 0.080000 0.193333 0.078333 0.195000 0.076667 0.193333 0.076667 0.191667 0.075000 0.190000 0.075000 0.188333 0.073333 0.186667 0.073333 0.183333 0.070000 0.181667 0.070000 0.178333 0.066667 0.171667 0.066667 0.170000 0.065000 0.165000 0.065000 0.163333 0.063333 0.163333 0.060000 0.161667 0.058333 0.161667 0.056667 0.160000 0.055000
0 0.335000 0.060000 0.331667 0.063333 0.331667 0.068333 0.335000 0.071667 0.335000 0.073333 0.338333 0.076667 0.338333 0.078333 0.333333 0.083333 0.333333 0.085000 0.335000 0.086667 0.336667 0.086667 0.338333 0.088333 0.343333 0.088333 0.343333 0.081667 0.345000 0.080000 0.345000 0.078333 0.341667 0.075000 0.341667 0.060000
4 0.540000 0.123333 0.538333 0.125000 0.538333 0.128333 0.540000 0.130000 0.541667 0.128333 0.543333 0.128333 0.545000 0.126667 0.543333 0.125000 0.543333 0.123333
4 0.738333 0.080000 0.735000 0.083333 0.745000 0.083333 0.745000 0.081667 0.743333 0.080000
4 0.970000 0.085000 0.968333 0.086667 0.968333 0.090000 0.970000 0.090000 0.971667 0.088333 0.973333 0.090000 0.975000 0.090000 0.975000 0.085000
4 0.980000 0.095000 0.980000 0.096667 0.976667 0.100000 0.976667 0.101667 0.978333 0.101667 0.980000 0.103333 0.983333 0.103333 0.983333 0.098333 0.981667 0.096667 0.981667 0.095000
4 0.993333 0.090000 0.991667 0.091667 0.991667 0.093333 0.995000 0.096667 0.996667 0.096667 0.998333 0.095000 0.998333 0.090000
4 0.810000 0.131667 0.810000 0.135000 0.813333 0.138333 0.815000 0.136667 0.815000 0.133333 0.813333 0.133333 0.811667 0.131667
0 0.715000 0.420000 0.711667 0.423333 0.710000 0.423333 0.710000 0.425000 0.706667 0.428333 0.705000 0.428333 0.695000 0.438333 0.693333 0.436667 0.693333 0.435000 0.691667 0.433333 0.691667 0.431667 0.690000 0.431667 0.686667 0.428333 0.685000 0.428333 0.683333 0.426667 0.681667 0.426667 0.680000 0.425000 0.678333 0.425000 0.676667 0.423333 0.670000 0.423333 0.670000 0.426667 0.671667 0.426667 0.673333 0.428333 0.675000 0.428333 0.676667 0.430000 0.676667 0.433333 0.675000 0.435000 0.673333 0.435000 0.671667 0.436667 0.668333 0.436667 0.663333 0.441667 0.635000 0.441667 0.630000 0.446667 0.630000 0.448333 0.631667 0.450000 0.643333 0.450000 0.645000 0.448333 0.650000 0.448333 0.651667 0.446667 0.653333 0.446667 0.655000 0.445000 0.661667 0.445000 0.663333 0.443333 0.670000 0.443333 0.671667 0.441667 0.673333 0.441667 0.675000 0.440000 0.676667 0.440000 0.678333 0.441667 0.680000 0.441667 0.681667 0.443333 0.695000 0.443333 0.693333 0.441667 0.695000 0.440000 0.698333 0.440000 0.703333 0.435000 0.705000 0.435000 0.706667 0.433333 0.708333 0.433333 0.708333 0.431667 0.713333 0.426667 0.713333 0.425000 0.715000 0.423333
0 0.351667 0.446667 0.351667 0.450000 0.355000 0.453333 0.358333 0.453333 0.360000 0.455000 0.375000 0.455000 0.376667 0.456667 0.378333 0.456667 0.383333 0.461667 0.386667 0.461667 0.386667 0.458333 0.385000 0.456667 0.385000 0.455000 0.383333 0.453333 0.380000 0.453333 0.378333 0.451667 0.366667 0.451667 0.365000 0.450000 0.361667 0.450000 0.358333 0.446667
0 0.205000 0.428333 0.203333 0.430000 0.203333 0.435000 0.205000 0.436667 0.203333 0.438333 0.191667 0.438333 0.193333 0.440000 0.196667 0.440000 0.198333 0.441667 0.203333 0.441667 0.205000 0.443333 0.208333 0.443333 0.210000 0.445000 0.213333 0.445000 0.215000 0.446667 0.215000 0.448333 0.213333 0.450000 0.213333 0.455000 0.216667 0.455000 0.216667 0.453333 0.220000 0.450000 0.223333 0.450000 0.225000 0.451667 0.226667 0.451667 0.228333 0.453333 0.230000 0.453333 0.231667 0.455000 0.233333 0.455000 0.235000 0.456667 0.238333 0.456667 0.241667 0.460000 0.243333 0.460000 0.245000 0.458333 0.245000 0.455000 0.240000 0.450000 0.238333 0.450000 0.236667 0.448333 0.235000 0.448333 0.233333 0.446667 0.230000 0.446667 0.228333 0.445000 0.223333 0.445000 0.221667 0.443333 0.218333 0.443333 0.216667 0.441667 0.216667 0.440000 0.213333 0.436667 0.213333 0.435000 0.206667 0.428333
0 0.155000 0.528333 0.153333 0.530000 0.146667 0.530000 0.143333 0.533333 0.138333 0.533333 0.136667 0.535000 0.135000 0.535000 0.133333 0.536667 0.131667 0.536667 0.125000 0.543333 0.123333 0.543333 0.121667 0.545000 0.120000 0.545000 0.118333 0.546667 0.116667 0.546667 0.118333 0.548333 0.118333 0.553333 0.115000 0.556667 0.115000 0.561667 0.120000 0.561667 0.123333 0.558333 0.125000 0.558333 0.125000 0.555000 0.126667 0.553333 0.126667 0.550000 0.128333 0.548333 0.128333 0.546667 0.131667 0.543333 0.133333 0.543333 0.138333 0.538333 0.141667 0.538333 0.143333 0.536667 0.145000 0.536667 0.146667 0.535000 0.148333 0.535000 0.150000 0.533333 0.151667 0.533333 0.153333 0.531667 0.156667 0.531667 0.156667 0.528333
0 0.061667 0.826667 0.060000 0.828333 0.058333 0.828333 0.056667 0.830000 0.036667 0.830000 0.035000 0.831667 0.033333 0.831667 0.031667 0.833333 0.031667 0.835000 0.051667 0.835000 0.053333 0.833333 0.055000 0.833333 0.056667 0.835000 0.060000 0.835000 0.061667 0.833333 0.063333 0.833333 0.065000 0.831667 0.066667 0.831667 0.068333 0.830000 0.068333 0.826667
0 0.123333 0.355000 0.123333 0.356667 0.121667 0.358333 0.121667 0.361667 0.120000 0.363333 0.110000 0.363333 0.108333 0.365000 0.108333 0.366667 0.110000 0.368333 0.111667 0.368333 0.113333 0.370000 0.123333 0.370000 0.125000 0.368333 0.128333 0.368333 0.130000 0.366667 0.131667 0.366667 0.133333 0.365000 0.148333 0.365000 0.150000 0.366667 0.165000 0.366667 0.165000 0.363333 0.160000 0.363333 0.158333 0.361667 0.128333 0.361667 0.126667 0.360000 0.126667 0.356667 0.125000 0.355000
4 0.483333 0.885000 0.486667 0.888333 0.488333 0.888333 0.490000 0.890000 0.491667 0.890000 0.493333 0.891667 0.498333 0.891667 0.498333 0.890000 0.500000 0.888333 0.500000 0.886667 0.501667 0.885000 0.503333 0.885000
4 0.790000 0.798333 0.788333 0.800000 0.785000 0.800000 0.783333 0.801667 0.776667 0.801667 0.775000 0.803333 0.775000 0.805000 0.783333 0.805000 0.785000 0.806667 0.785000 0.808333 0.781667 0.811667 0.781667 0.816667 0.783333 0.816667 0.783333 0.813333 0.786667 0.810000 0.786667 0.808333 0.791667 0.803333 0.791667 0.801667 0.793333 0.800000 0.793333 0.798333
4 0.748333 0.541667 0.748333 0.548333 0.746667 0.550000 0.746667 0.553333 0.751667 0.553333 0.753333 0.551667 0.756667 0.551667 0.756667 0.550000 0.755000 0.548333 0.753333 0.548333 0.751667 0.546667 0.751667 0.543333 0.750000 0.541667
4 0.738333 0.530000 0.738333 0.531667 0.740000 0.533333 0.740000 0.535000 0.743333 0.535000 0.743333 0.531667 0.745000 0.530000
4 0.825000 0.533333 0.823333 0.535000 0.823333 0.538333 0.826667 0.538333 0.828333 0.536667 0.828333 0.533333
4 0.831667 0.523333 0.831667 0.525000 0.833333 0.526667 0.836667 0.526667 0.838333 0.525000 0.838333 0.523333
4 0.485000 0.271667 0.485000 0.273333 0.491667 0.280000 0.495000 0.280000 0.495000 0.271667
4 0.518333 0.088333 0.518333 0.091667 0.515000 0.095000 0.513333 0.095000 0.511667 0.096667 0.511667 0.098333 0.513333 0.100000 0.518333 0.100000 0.523333 0.095000 0.523333 0.090000 0.521667 0.088333
4 0.558333 0.026667 0.558333 0.028333 0.556667 0.030000 0.555000 0.030000 0.553333 0.031667 0.553333 0.035000 0.551667 0.036667 0.550000 0.036667 0.548333 0.038333 0.548333 0.040000 0.551667 0.040000 0.553333 0.038333 0.555000 0.038333 0.561667 0.031667 0.561667 0.030000 0.563333 0.028333 0.561667 0.026667
4 0.116667 0.180000 0.115000 0.181667 0.115000 0.183333 0.116667 0.185000 0.116667 0.186667 0.118333 0.188333 0.118333 0.190000 0.121667 0.190000 0.121667 0.186667 0.123333 0.185000 0.126667 0.185000 0.126667 0.181667 0.123333 0.181667 0.121667 0.180000
4 0.126667 0.151667 0.126667 0.158333 0.130000 0.158333 0.131667 0.156667 0.131667 0.155000 0.130000 0.153333 0.130000 0.151667
2 0.876667 0.121667 0.875000 0.123333 0.875000 0.125000 0.865000 0.135000 0.865000 0.138333 0.866667 0.138333 0.868333 0.136667 0.870000 0.136667 0.870000 0.135000 0.873333 0.131667 0.875000 0.131667 0.875000 0.130000 0.878333 0.126667 0.880000 0.126667 0.881667 0.125000 0.881667 0.121667
4 0.611667 0.503333 0.611667 0.510000 0.613333 0.510000 0.615000 0.511667 0.615000 0.513333 0.616667 0.515000 0.618333 0.515000 0.621667 0.511667 0.621667 0.510000 0.620000 0.508333 0.620000 0.506667 0.618333 0.505000 0.618333 0.503333
4 0.640000 0.476667 0.638333 0.478333 0.638333 0.480000 0.640000 0.481667 0.640000 0.483333 0.646667 0.483333 0.646667 0.480000 0.645000 0.478333 0.645000 0.476667
4 0.566667 0.701667 0.566667 0.703333 0.565000 0.705000 0.566667 0.706667 0.570000 0.706667 0.571667 0.705000 0.573333 0.705000 0.573333 0.701667
4 0.005000 0.628333 0.005000 0.631667 0.003333 0.633333 0.001667 0.633333 0.000000 0.635000 0.000000 0.636667 0.001667 0.636667 0.003333 0.635000 0.005000 0.635000 0.006667 0.636667 0.006667 0.641667 0.008333 0.643333 0.010000 0.643333 0.011667 0.641667 0.011667 0.640000 0.010000 0.638333 0.010000 0.635000 0.006667 0.631667 0.006667 0.630000
0 0.558333 0.068333 0.556667 0.070000 0.556667 0.071667 0.553333 0.075000 0.553333 0.076667 0.548333 0.081667 0.548333 0.086667 0.550000 0.088333 0.550000 0.093333 0.551667 0.095000 0.551667 0.098333 0.553333 0.100000 0.553333 0.101667 0.555000 0.103333 0.555000 0.105000 0.556667 0.105000 0.558333 0.106667 0.560000 0.105000 0.560000 0.100000 0.558333 0.098333 0.558333 0.096667 0.556667 0.096667 0.555000 0.095000 0.555000 0.093333 0.553333 0.091667 0.553333 0.088333 0.551667 0.086667 0.551667 0.083333 0.555000 0.080000 0.556667 0.080000 0.558333 0.078333 0.558333 0.076667 0.556667 0.076667 0.555000 0.075000 0.558333 0.071667
0 0.068333 0.031667 0.066667 0.033333 0.066667 0.041667 0.063333 0.045000 0.060000 0.045000 0.058333 0.046667 0.058333 0.048333 0.056667 0.050000 0.056667 0.051667 0.055000 0.053333 0.053333 0.053333 0.051667 0.055000 0.050000 0.055000 0.050000 0.056667 0.046667 0.060000 0.038333 0.060000 0.036667 0.061667 0.028333 0.061667 0.026667 0.063333 0.023333 0.063333 0.021667 0.065000 0.018333 0.065000 0.016667 0.066667 0.016667 0.068333 0.018333 0.070000 0.020000 0.070000 0.021667 0.068333 0.031667 0.068333 0.033333 0.066667 0.036667 0.066667 0.038333 0.065000 0.041667 0.065000 0.043333 0.063333 0.048333 0.063333 0.050000 0.061667 0.051667 0.061667 0.053333 0.060000 0.055000 0.060000 0.056667 0.058333 0.058333 0.058333 0.060000 0.056667 0.065000 0.061667 0.065000 0.065000 0.068333 0.068333 0.068333 0.070000 0.070000 0.071667 0.070000 0.073333 0.073333 0.073333 0.073333 0.068333 0.071667 0.066667 0.071667 0.065000 0.070000 0.063333 0.070000 0.061667 0.068333 0.060000 0.068333 0.050000 0.070000 0.048333 0.070000 0.046667 0.071667 0.045000 0.071667 0.038333 0.070000 0.036667 0.070000 0.035000 0.071667 0.033333 0.070000 0.031667
4 0.810000 0.620000 0.808333 0.621667 0.811667 0.625000 0.811667 0.623333 0.813333 0.621667 0.811667 0.620000
4 0.750000 0.468333 0.750000 0.471667 0.751667 0.471667 0.751667 0.468333
4 0.155000 0.760000 0.153333 0.761667 0.153333 0.765000 0.155000 0.766667 0.155000 0.775000 0.156667 0.776667 0.156667 0.780000 0.158333 0.781667 0.158333 0.783333 0.160000 0.781667 0.161667 0.781667 0.161667 0.776667 0.160000 0.775000 0.160000 0.773333 0.158333 0.771667 0.158333 0.766667 0.156667 0.765000 0.156667 0.761667
