0 0.081667 0.846667 0.080000 0.848333 0.078333 0.848333 0.076667 0.850000 0.075000 0.850000 0.073333 0.851667 0.071667 0.851667 0.070000 0.853333 0.068333 0.853333 0.066667 0.855000 0.065000 0.855000 0.063333 0.856667 0.061667 0.856667 0.060000 0.858333 0.058333 0.858333 0.058333 0.860000 0.056667 0.861667 0.055000 0.861667 0.051667 0.865000 0.050000 0.865000 0.045000 0.870000 0.045000 0.871667 0.043333 0.873333 0.043333 0.875000 0.040000 0.878333 0.040000 0.880000 0.038333 0.881667 0.038333 0.885000 0.040000 0.886667 0.041667 0.885000 0.043333 0.885000 0.043333 0.883333 0.045000 0.881667 0.046667 0.881667 0.048333 0.880000 0.048333 0.878333 0.051667 0.875000 0.051667 0.873333 0.053333 0.871667 0.053333 0.870000 0.058333 0.865000 0.060000 0.865000 0.060000 0.863333 0.063333 0.860000 0.065000 0.860000 0.068333 0.856667 0.070000 0.856667 0.071667 0.855000 0.073333 0.855000 0.076667 0.851667 0.078333 0.851667 0.080000 0.850000 0.085000 0.850000 0.086667 0.848333 0.088333 0.848333 0.086667 0.846667
0 0.138333 0.831667 0.138333 0.840000 0.141667 0.843333 0.141667 0.845000 0.143333 0.846667 0.143333 0.848333 0.141667 0.850000 0.125000 0.850000 0.125000 0.851667 0.123333 0.853333 0.123333 0.855000 0.121667 0.856667 0.121667 0.863333 0.116667 0.868333 0.116667 0.870000 0.113333 0.873333 0.113333 0.875000 0.108333 0.880000 0.108333 0.881667 0.105000 0.885000 0.105000 0.886667 0.100000 0.891667 0.100000 0.893333 0.098333 0.895000 0.098333 0.896667 0.096667 0.898333 0.098333 0.898333 0.101667 0.895000 0.103333 0.895000 0.116667 0.881667 0.116667 0.880000 0.118333 0.878333 0.118333 0.876667 0.120000 0.875000 0.120000 0.873333 0.121667 0.871667 0.121667 0.870000 0.123333 0.868333 0.123333 0.866667 0.128333 0.861667 0.128333 0.858333 0.131667 0.855000 0.136667 0.855000 0.140000 0.858333 0.141667 0.858333 0.143333 0.860000 0.145000 0.860000 0.146667 0.861667 0.148333 0.861667 0.150000 0.863333 0.151667 0.863333 0.151667 0.860000 0.150000 0.858333 0.148333 0.858333 0.145000 0.855000 0.145000 0.853333 0.146667 0.851667 0.146667 0.850000 0.148333 0.848333 0.148333 0.846667 0.146667 0.845000 0.146667 0.843333 0.143333 0.840000 0.143333 0.838333 0.141667 0.836667 0.141667 0.835000 0.140000 0.833333 0.140000 0.831667
0 0.310000 0.855000 0.305000 0.860000 0.303333 0.860000 0.303333 0.861667 0.301667 0.863333 0.298333 0.863333 0.296667 0.865000 0.296667 0.868333 0.295000 0.870000 0.295000 0.871667 0.291667 0.875000 0.291667 0.876667 0.290000 0.878333 0.290000 0.880000 0.288333 0.881667 0.288333 0.886667 0.286667 0.888333 0.286667 0.891667 0.285000 0.893333 0.285000 0.895000 0.283333 0.896667 0.283333 0.906667 0.285000 0.908333 0.285000 0.913333 0.285000 0.910000 0.286667 0.908333 0.286667 0.906667 0.288333 0.905000 0.288333 0.901667 0.290000 0.900000 0.290000 0.893333 0.291667 0.891667 0.291667 0.890000 0.293333 0.888333 0.293333 0.886667 0.295000 0.885000 0.295000 0.878333 0.296667 0.876667 0.296667 0.873333 0.301667 0.868333 0.301667 0.866667 0.303333 0.865000 0.305000 0.865000 0.306667 0.863333 0.308333 0.865000 0.311667 0.865000 0.313333 0.863333 0.315000 0.863333 0.316667 0.861667 0.316667 0.860000 0.318333 0.858333 0.318333 0.856667 0.316667 0.856667 0.315000 0.855000
0 0.433333 0.870000 0.431667 0.871667 0.425000 0.871667 0.423333 0.873333 0.426667 0.876667 0.435000 0.876667 0.436667 0.875000 0.441667 0.875000 0.443333 0.876667 0.443333 0.878333 0.446667 0.881667 0.446667 0.883333 0.448333 0.885000 0.448333 0.891667 0.450000 0.893333 0.450000 0.895000 0.451667 0.896667 0.451667 0.885000 0.450000 0.883333 0.450000 0.881667 0.448333 0.880000 0.448333 0.878333 0.446667 0.876667 0.446667 0.871667 0.441667 0.871667 0.440000 0.870000
0 0.515000 0.865000 0.513333 0.866667 0.513333 0.868333 0.511667 0.870000 0.511667 0.873333 0.510000 0.875000 0.510000 0.881667 0.500000 0.891667 0.500000 0.893333 0.496667 0.896667 0.496667 0.898333 0.495000 0.900000 0.495000 0.905000 0.493333 0.906667 0.495000 0.905000 0.496667 0.905000 0.498333 0.903333 0.498333 0.901667 0.501667 0.898333 0.501667 0.896667 0.510000 0.888333 0.511667 0.888333 0.511667 0.886667 0.515000 0.883333 0.515000 0.880000 0.516667 0.878333 0.516667 0.868333 0.515000 0.866667
0 0.795000 0.868333 0.793333 0.870000 0.788333 0.870000 0.788333 0.873333 0.790000 0.875000 0.796667 0.875000 0.800000 0.871667 0.805000 0.871667 0.806667 0.873333 0.808333 0.873333 0.811667 0.876667 0.813333 0.876667 0.815000 0.878333 0.816667 0.878333 0.818333 0.880000 0.820000 0.880000 0.823333 0.883333 0.823333 0.885000 0.825000 0.886667 0.826667 0.886667 0.826667 0.881667 0.825000 0.880000 0.823333 0.880000 0.820000 0.876667 0.818333 0.876667 0.816667 0.875000 0.815000 0.875000 0.811667 0.871667 0.810000 0.871667 0.808333 0.870000 0.803333 0.870000 0.801667 0.868333
2 0.771667 0.903333 0.771667 0.905000 0.770000 0.906667 0.770000 0.916667 0.771667 0.918333 0.771667 0.920000 0.770000 0.921667 0.768333 0.921667 0.768333 0.925000 0.771667 0.928333 0.773333 0.928333 0.771667 0.926667 0.771667 0.923333 0.776667 0.918333 0.778333 0.920000 0.778333 0.915000 0.773333 0.915000 0.771667 0.913333
1 0.846667 0.920000 0.846667 0.923333 0.848333 0.923333 0.848333 0.921667
4 0.791667 0.908333 0.790000 0.910000 0.791667 0.910000 0.795000 0.913333 0.795000 0.910000 0.793333 0.908333
4 0.563333 0.808333 0.563333 0.810000 0.565000 0.811667 0.565000 0.815000 0.568333 0.815000 0.568333 0.810000 0.566667 0.808333
0 0.531667 0.431667 0.531667 0.440000 0.533333 0.440000 0.535000 0.441667 0.538333 0.441667 0.540000 0.443333 0.541667 0.443333 0.543333 0.445000 0.551667 0.445000 0.553333 0.446667 0.555000 0.446667 0.556667 0.445000 0.561667 0.445000 0.565000 0.441667 0.566667 0.441667 0.568333 0.440000 0.570000 0.440000 0.573333 0.436667 0.575000 0.436667 0.575000 0.435000 0.576667 0.433333 0.576667 0.431667 0.571667 0.431667 0.565000 0.438333 0.563333 0.438333 0.561667 0.440000 0.560000 0.440000 0.558333 0.441667 0.555000 0.441667 0.553333 0.443333 0.550000 0.443333 0.548333 0.441667 0.546667 0.441667 0.543333 0.438333 0.541667 0.438333 0.540000 0.436667 0.538333 0.436667 0.535000 0.433333 0.533333 0.433333
0 0.868333 0.440000 0.865000 0.443333 0.861667 0.443333 0.861667 0.448333 0.865000 0.448333 0.866667 0.446667 0.868333 0.446667 0.871667 0.450000 0.871667 0.448333 0.870000 0.446667 0.870000 0.441667
0 0.983333 0.430000 0.981667 0.431667 0.981667 0.436667 0.978333 0.440000 0.976667 0.440000 0.975000 0.441667 0.966667 0.441667 0.966667 0.443333 0.968333 0.445000 0.968333 0.446667 0.975000 0.446667 0.978333 0.443333 0.980000 0.443333 0.980000 0.441667 0.983333 0.438333 0.985000 0.438333 0.988333 0.435000 0.998333 0.435000 0.998333 0.431667 0.995000 0.431667 0.993333 0.433333 0.988333 0.433333 0.986667 0.431667 0.986667 0.430000
4 0.178333 0.375000 0.178333 0.378333 0.180000 0.380000 0.180000 0.381667 0.190000 0.381667 0.188333 0.380000 0.190000 0.378333 0.190000 0.376667 0.188333 0.376667 0.186667 0.375000
4 0.335000 0.288333 0.333333 0.290000 0.333333 0.296667 0.336667 0.296667 0.338333 0.298333 0.340000 0.298333 0.340000 0.295000 0.341667 0.293333 0.341667 0.288333
0 0.690000 0.000000 0.690000 0.006667 0.691667 0.008333 0.691667 0.015000 0.693333 0.016667 0.693333 0.020000 0.695000 0.020000 0.695000 0.008333 0.696667 0.006667 0.696667 0.005000 0.695000 0.003333 0.695000 0.000000
4 0.363333 0.536667 0.361667 0.538333 0.360000 0.538333 0.355000 0.543333 0.353333 0.543333 0.348333 0.548333 0.346667 0.548333 0.345000 0.550000 0.343333 0.550000 0.341667 0.551667 0.338333 0.551667 0.336667 0.553333 0.331667 0.553333 0.330000 0.555000 0.320000 0.555000 0.325000 0.555000 0.326667 0.556667 0.330000 0.556667 0.331667 0.555000 0.338333 0.555000 0.340000 0.556667 0.338333 0.558333 0.338333 0.560000 0.336667 0.561667 0.336667 0.566667 0.336667 0.565000 0.340000 0.561667 0.340000 0.558333 0.341667 0.556667 0.343333 0.556667 0.348333 0.551667 0.350000 0.553333 0.350000 0.560000 0.346667 0.563333 0.346667 0.565000 0.345000 0.566667 0.345000 0.568333 0.346667 0.570000 0.346667 0.573333 0.346667 0.570000 0.348333 0.568333 0.348333 0.566667 0.350000 0.565000 0.350000 0.563333 0.351667 0.561667 0.351667 0.556667 0.353333 0.555000 0.351667 0.553333 0.351667 0.548333 0.356667 0.543333 0.358333 0.543333 0.361667 0.540000 0.361667 0.538333
4 0.038333 0.476667 0.038333 0.481667 0.040000 0.483333 0.046667 0.483333 0.046667 0.481667 0.045000 0.481667 0.043333 0.480000 0.043333 0.476667
4 0.238333 0.973333 0.236667 0.975000 0.236667 0.980000 0.238333 0.980000 0.240000 0.978333 0.243333 0.981667 0.245000 0.980000 0.245000 0.973333 0.243333 0.975000 0.241667 0.973333
4 0.918333 0.645000 0.918333 0.651667 0.920000 0.653333 0.921667 0.653333 0.921667 0.651667 0.923333 0.650000 0.923333 0.646667 0.921667 0.646667 0.920000 0.645000
4 0.638333 0.473333 0.638333 0.476667 0.640000 0.478333 0.640000 0.480000 0.641667 0.480000 0.641667 0.475000 0.640000 0.473333
3 0.578333 0.136667 0.580000 0.138333 0.580000 0.143333 0.581667 0.143333 0.583333 0.141667 0.586667 0.141667 0.586667 0.136667
1 0.298333 0.080000 0.296667 0.081667 0.296667 0.083333 0.298333 0.083333 0.300000 0.085000 0.301667 0.085000 0.303333 0.083333 0.303333 0.080000
1 0.796667 0.451667 0.796667 0.453333 0.801667 0.453333 0.803333 0.451667
1 0.828333 0.443333 0.826667 0.445000 0.828333 0.446667 0.830000 0.445000
4 0.368333 0.670000 0.368333 0.671667 0.370000 0.673333 0.370000 0.678333 0.371667 0.680000 0.371667 0.683333 0.373333 0.685000 0.373333 0.686667 0.375000 0.688333 0.375000 0.696667 0.376667 0.698333 0.380000 0.698333 0.380000 0.690000 0.378333 0.688333 0.378333 0.681667 0.376667 0.680000 0.376667 0.676667 0.375000 0.675000 0.375000 0.673333 0.371667 0.670000
4 0.683333 0.001667 0.681667 0.003333 0.680000 0.003333 0.680000 0.010000 0.681667 0.011667 0.686667 0.011667 0.688333 0.010000 0.688333 0.008333 0.686667 0.006667 0.686667 0.003333 0.685000 0.001667
