0 0.438333 0.636667 0.436667 0.638333 0.425000 0.638333 0.423333 0.640000 0.423333 0.641667 0.425000 0.643333 0.431667 0.643333 0.433333 0.645000 0.433333 0.646667 0.438333 0.646667 0.441667 0.643333 0.445000 0.643333 0.446667 0.645000 0.448333 0.645000 0.450000 0.646667 0.450000 0.648333 0.451667 0.650000 0.451667 0.651667 0.456667 0.651667 0.456667 0.650000 0.458333 0.648333 0.456667 0.646667 0.455000 0.646667 0.453333 0.645000 0.453333 0.643333 0.451667 0.641667 0.448333 0.641667 0.446667 0.640000 0.443333 0.640000 0.440000 0.636667
0 0.141667 0.598333 0.141667 0.600000 0.140000 0.601667 0.140000 0.603333 0.138333 0.605000 0.138333 0.606667 0.136667 0.608333 0.136667 0.615000 0.135000 0.616667 0.135000 0.620000 0.133333 0.621667 0.133333 0.623333 0.131667 0.625000 0.131667 0.626667 0.128333 0.630000 0.123333 0.630000 0.120000 0.633333 0.118333 0.633333 0.116667 0.635000 0.115000 0.635000 0.113333 0.636667 0.113333 0.638333 0.110000 0.641667 0.110000 0.646667 0.111667 0.648333 0.113333 0.646667 0.115000 0.646667 0.120000 0.641667 0.120000 0.640000 0.121667 0.638333 0.123333 0.640000 0.123333 0.646667 0.121667 0.648333 0.121667 0.651667 0.125000 0.651667 0.125000 0.646667 0.126667 0.645000 0.126667 0.640000 0.130000 0.636667 0.131667 0.636667 0.131667 0.633333 0.130000 0.631667 0.130000 0.630000 0.136667 0.623333 0.136667 0.621667 0.138333 0.620000 0.138333 0.618333 0.140000 0.616667 0.140000 0.608333 0.141667 0.606667 0.141667 0.605000 0.143333 0.603333 0.143333 0.600000
0 0.001667 0.610000 0.001667 0.611667 0.000000 0.613333 0.000000 0.620000 0.001667 0.621667 0.001667 0.625000 0.003333 0.625000 0.006667 0.621667 0.006667 0.620000 0.008333 0.618333 0.015000 0.618333 0.016667 0.616667 0.016667 0.615000 0.015000 0.613333 0.006667 0.613333 0.005000 0.611667 0.003333 0.611667
0 0.876667 0.118333 0.866667 0.128333 0.866667 0.135000 0.865000 0.136667 0.865000 0.138333 0.863333 0.140000 0.863333 0.143333 0.861667 0.145000 0.861667 0.146667 0.863333 0.148333 0.863333 0.151667 0.866667 0.148333 0.866667 0.146667 0.868333 0.145000 0.868333 0.143333 0.870000 0.141667 0.870000 0.140000 0.873333 0.136667 0.873333 0.126667 0.876667 0.123333 0.876667 0.121667 0.878333 0.120000
0 0.388333 0.115000 0.388333 0.118333 0.390000 0.120000 0.391667 0.120000 0.395000 0.123333 0.396667 0.123333 0.401667 0.128333 0.403333 0.128333 0.406667 0.131667 0.406667 0.133333 0.408333 0.135000 0.410000 0.135000 0.421667 0.146667 0.423333 0.146667 0.425000 0.148333 0.428333 0.148333 0.430000 0.150000 0.441667 0.150000 0.441667 0.148333 0.438333 0.145000 0.431667 0.145000 0.430000 0.143333 0.426667 0.143333 0.423333 0.140000 0.421667 0.140000 0.420000 0.138333 0.420000 0.136667 0.403333 0.120000 0.400000 0.120000 0.398333 0.118333 0.398333 0.116667 0.393333 0.116667 0.391667 0.115000
0 0.348333 0.090000 0.346667 0.091667 0.343333 0.091667 0.338333 0.096667 0.336667 0.096667 0.335000 0.098333 0.335000 0.100000 0.331667 0.103333 0.331667 0.105000 0.330000 0.106667 0.330000 0.111667 0.325000 0.116667 0.321667 0.116667 0.316667 0.121667 0.316667 0.123333 0.311667 0.128333 0.311667 0.130000 0.310000 0.131667 0.310000 0.135000 0.308333 0.136667 0.308333 0.143333 0.311667 0.146667 0.310000 0.148333 0.310000 0.150000 0.308333 0.151667 0.308333 0.155000 0.310000 0.155000 0.311667 0.156667 0.313333 0.156667 0.315000 0.155000 0.316667 0.155000 0.323333 0.148333 0.323333 0.145000 0.325000 0.143333 0.325000 0.131667 0.326667 0.130000 0.326667 0.126667 0.328333 0.125000 0.328333 0.121667 0.330000 0.120000 0.330000 0.118333 0.333333 0.115000 0.333333 0.113333 0.335000 0.111667 0.335000 0.110000 0.340000 0.105000 0.340000 0.103333 0.346667 0.096667 0.346667 0.095000 0.348333 0.093333
0 0.228333 0.103333 0.225000 0.106667 0.223333 0.106667 0.221667 0.108333 0.220000 0.108333 0.218333 0.110000 0.216667 0.110000 0.215000 0.111667 0.215000 0.113333 0.211667 0.116667 0.211667 0.118333 0.208333 0.121667 0.206667 0.121667 0.201667 0.126667 0.200000 0.126667 0.198333 0.128333 0.185000 0.128333 0.183333 0.126667 0.166667 0.126667 0.166667 0.130000 0.168333 0.131667 0.170000 0.131667 0.171667 0.133333 0.190000 0.133333 0.191667 0.131667 0.198333 0.131667 0.200000 0.130000 0.201667 0.130000 0.203333 0.128333 0.205000 0.128333 0.206667 0.126667 0.208333 0.126667 0.210000 0.125000 0.211667 0.125000 0.216667 0.120000 0.218333 0.120000 0.221667 0.116667 0.221667 0.115000 0.225000 0.111667 0.226667 0.111667 0.226667 0.110000 0.230000 0.106667 0.231667 0.106667 0.233333 0.105000 0.233333 0.103333
4 0.805000 0.765000 0.805000 0.781667 0.806667 0.783333 0.806667 0.788333 0.805000 0.790000 0.806667 0.790000 0.808333 0.788333 0.808333 0.765000
4 0.448333 0.790000 0.446667 0.791667 0.446667 0.793333 0.445000 0.795000 0.445000 0.796667 0.441667 0.800000 0.440000 0.800000 0.435000 0.805000 0.435000 0.811667 0.436667 0.813333 0.435000 0.815000 0.435000 0.823333 0.433333 0.825000 0.433333 0.826667 0.435000 0.828333 0.436667 0.826667 0.436667 0.820000 0.438333 0.818333 0.438333 0.815000 0.440000 0.813333 0.440000 0.806667 0.445000 0.801667 0.445000 0.800000 0.446667 0.798333 0.446667 0.796667 0.450000 0.793333 0.450000 0.790000
4 0.395000 0.773333 0.391667 0.776667 0.391667 0.778333 0.386667 0.783333 0.385000 0.783333 0.385000 0.790000 0.381667 0.793333 0.381667 0.795000 0.383333 0.796667 0.385000 0.795000 0.385000 0.793333 0.388333 0.790000 0.388333 0.788333 0.390000 0.786667 0.390000 0.785000 0.395000 0.780000 0.395000 0.778333 0.396667 0.776667 0.396667 0.773333
4 0.220000 0.745000 0.211667 0.753333 0.210000 0.753333 0.205000 0.758333 0.203333 0.758333 0.201667 0.760000 0.200000 0.760000 0.196667 0.763333 0.195000 0.763333 0.193333 0.765000 0.193333 0.766667 0.200000 0.766667 0.203333 0.763333 0.205000 0.763333 0.208333 0.760000 0.210000 0.760000 0.211667 0.758333 0.216667 0.758333 0.218333 0.756667 0.220000 0.756667 0.221667 0.755000 0.233333 0.755000 0.235000 0.756667 0.241667 0.756667 0.243333 0.755000 0.241667 0.753333 0.236667 0.753333 0.235000 0.751667 0.221667 0.751667 0.220000 0.750000 0.220000 0.748333 0.221667 0.746667
4 0.868333 0.671667 0.865000 0.675000 0.863333 0.675000 0.856667 0.681667 0.860000 0.681667 0.863333 0.678333 0.866667 0.678333 0.868333 0.676667 0.870000 0.676667 0.871667 0.675000 0.873333 0.675000 0.875000 0.673333 0.875000 0.671667
4 0.686667 0.090000 0.685000 0.091667 0.685000 0.093333 0.688333 0.096667 0.688333 0.100000 0.696667 0.091667 0.696667 0.090000
4 0.818333 0.518333 0.818333 0.520000 0.820000 0.521667 0.818333 0.523333 0.818333 0.525000 0.820000 0.526667 0.823333 0.523333 0.825000 0.525000 0.828333 0.525000 0.828333 0.521667 0.826667 0.521667 0.823333 0.518333
4 0.585000 0.373333 0.586667 0.375000 0.586667 0.376667 0.588333 0.376667 0.588333 0.373333
1 0.066667 0.151667 0.066667 0.153333 0.070000 0.156667 0.073333 0.156667 0.075000 0.155000 0.075000 0.151667 0.073333 0.151667 0.071667 0.153333 0.070000 0.151667
1 0.706667 0.753333 0.706667 0.755000 0.708333 0.756667 0.710000 0.755000 0.711667 0.756667 0.715000 0.756667 0.715000 0.755000 0.713333 0.753333
4 0.586667 0.800000 0.586667 0.803333 0.588333 0.805000 0.590000 0.805000 0.590000 0.800000
0 0.378333 0.600000 0.376667 0.601667 0.376667 0.611667 0.375000 0.613333 0.375000 0.620000 0.373333 0.621667 0.373333 0.625000 0.375000 0.626667 0.375000 0.630000 0.365000 0.640000 0.363333 0.640000 0.360000 0.643333 0.360000 0.645000 0.358333 0.646667 0.358333 0.655000 0.360000 0.656667 0.360000 0.651667 0.361667 0.650000 0.361667 0.648333 0.363333 0.646667 0.365000 0.648333 0.365000 0.655000 0.366667 0.653333 0.366667 0.651667 0.368333 0.650000 0.368333 0.648333 0.371667 0.645000 0.373333 0.646667 0.373333 0.648333 0.375000 0.650000 0.375000 0.651667 0.376667 0.651667 0.376667 0.646667 0.375000 0.645000 0.375000 0.641667 0.376667 0.640000 0.376667 0.635000 0.375000 0.633333 0.375000 0.631667 0.376667 0.630000 0.376667 0.626667 0.378333 0.625000 0.378333 0.620000 0.380000 0.618333 0.380000 0.605000 0.378333 0.603333
